     0/299      4.5G    0.1188   0.07372         0    0.1925       309       640         0         0 3.719e-05 3.719e-06    0.1169   0.08208         0
     1/299     4.51G    0.1147   0.07281         0    0.1875       255       640         0         0  0.005933  0.001488    0.1027   0.08207         0
     2/299     4.51G    0.1095   0.06909         0    0.1786       476       640   0.04418    0.2436   0.04103    0.0087   0.08699   0.07777         0
     3/299     4.51G   0.08732   0.06375         0    0.1511       292       640    0.1299    0.3693    0.1356   0.03051   0.07378   0.07222         0
     4/299     4.51G   0.07934   0.06138         0    0.1407       230       640    0.2247    0.4907    0.2472   0.05304   0.06522   0.06239         0
     5/299     4.51G   0.07508   0.05963         0    0.1347       362       640    0.2455    0.4917    0.2776   0.06626   0.06268   0.05844         0
     6/299     4.51G   0.07316   0.06011         0    0.1333       185       640    0.1393    0.4795    0.1709   0.03645   0.06403   0.06901         0
     7/299     4.51G   0.07112   0.06051         0    0.1316       230       640     0.258    0.5795    0.3634   0.08559   0.05867   0.05774         0
     8/299     4.51G   0.06558   0.05698         0    0.1226       231       640    0.3018    0.6081    0.4444    0.1147   0.05411   0.05676         0
     9/299     4.51G   0.06302   0.05515         0    0.1182       361       640    0.2675      0.61     0.416    0.1001   0.05408   0.05613         0
    10/299     4.51G   0.06218   0.05506         0    0.1172       282       640    0.3732    0.6154    0.4912     0.128   0.05193   0.05431         0
    11/299     4.51G   0.05995   0.05494         0    0.1149       300       640    0.3509    0.6272    0.4788    0.1258   0.05083   0.05324         0
    12/299     4.51G   0.05929   0.05371         0     0.113       360       640    0.3842    0.6503    0.5225    0.1434   0.05099   0.05327         0
    13/299     4.51G   0.05921   0.05405         0    0.1133       284       640    0.3626    0.6412    0.4962    0.1373   0.05067   0.05371         0
    14/299     4.51G   0.05919   0.05321         0    0.1124       173       640    0.4576    0.6375     0.533    0.1474    0.0509   0.05362         0
    15/299     4.51G   0.05742   0.05276         0    0.1102       263       640    0.4389    0.6653     0.553    0.1563   0.04906   0.05187         0
    16/299     4.51G   0.05708   0.05252         0    0.1096       319       640    0.4502    0.6391    0.5226    0.1413   0.05018   0.05199         0
    17/299     4.51G   0.05702   0.05186         0    0.1089       286       640    0.4864     0.672    0.5745    0.1634    0.0467    0.0514         0
    18/299     4.51G   0.05599   0.05295         0    0.1089       291       640    0.4495    0.6763    0.5702    0.1687   0.04748   0.05098         0
    19/299     4.51G   0.05596   0.05335         0    0.1093       346       640    0.4642    0.6857    0.5789    0.1653   0.04728   0.05087         0
    20/299     4.51G    0.0549   0.05085         0    0.1058       311       640    0.4962    0.6723    0.5818    0.1721   0.04712   0.05064         0
    21/299     4.51G   0.05502   0.05282         0    0.1078       389       640    0.4653    0.7022    0.6025    0.1824   0.04689    0.0503         0
    22/299     4.51G   0.05537   0.05138         0    0.1067       352       640    0.5593    0.6652    0.5876    0.1756   0.04645   0.05068         0
    23/299     4.51G   0.05454    0.0511         0    0.1056       246       640    0.5036    0.6823    0.5804    0.1762   0.04692   0.05046         0
    24/299     4.51G   0.05408   0.05037         0    0.1045       339       640      0.48    0.6921    0.5989    0.1799   0.04573   0.05072         0
    25/299     4.51G   0.05419   0.05058         0    0.1048       282       640    0.4585     0.683    0.5922    0.1755   0.04573   0.04994         0
    26/299     4.51G   0.05329   0.05018         0    0.1035       305       640    0.5245    0.7062    0.6233    0.1942   0.04574   0.04928         0
    27/299     4.51G   0.05207   0.05097         0     0.103       284       640    0.4543     0.668    0.5641    0.1547   0.04606   0.04989         0
    28/299     4.51G   0.05196   0.05114         0    0.1031       292       640    0.5495    0.6978     0.629    0.1935   0.04419    0.0499         0
    29/299     4.51G   0.05285    0.0509         0    0.1038       344       640    0.5058    0.7263    0.6431     0.205   0.04423   0.04922         0
    30/299     4.51G   0.05217   0.05124         0    0.1034       290       640    0.5481    0.7226    0.6441    0.2077   0.04362   0.04845         0
    31/299     4.51G   0.05176   0.04975         0    0.1015       267       640    0.5143    0.7275    0.6524    0.2038    0.0438   0.04872         0
    32/299     4.51G   0.05108   0.05038         0    0.1015       252       640    0.5596    0.7165    0.6434    0.2133   0.04336   0.04824         0
    33/299     4.51G    0.0512   0.04844         0   0.09965       308       640    0.5278    0.7256    0.6566    0.2097   0.04339   0.04805         0
    34/299     4.51G   0.05037   0.04918         0   0.09956       301       640    0.4932    0.7177    0.6407    0.1924   0.04347   0.04813         0
    35/299     4.51G   0.05072   0.04851         0   0.09922       156       640    0.5628    0.7309    0.6615    0.2152   0.04231   0.04827         0
    36/299     4.51G   0.04982   0.04855         0   0.09837       216       640    0.5786    0.7342    0.6705    0.2251   0.04174    0.0475         0
    37/299     4.51G    0.0493   0.04931         0   0.09862       302       640     0.559    0.7498    0.6847    0.2162   0.04213   0.04746         0
    38/299     4.51G   0.04907   0.04885         0   0.09792       241       640    0.5855    0.7512    0.6958    0.2331   0.04139   0.04736         0
    39/299     4.51G   0.04856   0.04875         0   0.09731       194       640    0.5151    0.7189     0.633    0.1787    0.0442   0.04843         0
    40/299     4.51G   0.04828   0.04893         0   0.09721       321       640    0.5956    0.7396    0.6773    0.2063   0.04308   0.04766         0
    41/299     4.51G    0.0488   0.04866         0   0.09747       311       640    0.5882    0.7674    0.7119    0.2472     0.041   0.04664         0
    42/299     4.51G   0.04823   0.04761         0   0.09584       405       640    0.6117    0.7663    0.7152    0.2565   0.03986   0.04649         0
    43/299     4.51G   0.04821   0.04723         0   0.09544       315       640    0.5655    0.7776    0.7165    0.2481   0.04082   0.04687         0
    44/299     4.51G   0.04802   0.04759         0   0.09562       308       640    0.5901    0.7657    0.7131    0.2388   0.04164   0.04693         0
    45/299     4.51G   0.04793   0.04733         0   0.09525       329       640    0.5783    0.7619    0.7084    0.2242   0.04251   0.04667         0
    46/299     4.51G   0.04714    0.0478         0   0.09494       341       640    0.5748    0.7776    0.7273    0.2459   0.04087   0.04611         0
    47/299     4.51G    0.0469   0.04751         0   0.09442       351       640    0.6202     0.784    0.7426    0.2735   0.03929   0.04595         0
    48/299     4.51G   0.04653    0.0477         0   0.09424       197       640    0.6221    0.7882    0.7528    0.2754   0.03835   0.04566         0
    49/299     4.51G   0.04692    0.0467         0   0.09362       348       640    0.6777      0.79     0.756    0.2793   0.03852   0.04549         0
    50/299     4.51G   0.04695   0.04693         0   0.09388       430       640    0.5861    0.7876    0.7419    0.2523   0.03992   0.04581         0
    51/299     4.51G   0.04643   0.04565         0   0.09208       206       640    0.6448    0.8032    0.7747    0.2978   0.03771   0.04494         0
    52/299     4.51G   0.04563   0.04632         0   0.09196       280       640     0.665    0.7974    0.7715     0.304   0.03744   0.04449         0
    53/299     4.51G   0.04546   0.04602         0   0.09148       295       640    0.6222    0.8007     0.768      0.29   0.03788   0.04509         0
    54/299     4.51G   0.04556   0.04694         0    0.0925       292       640    0.6588    0.7985     0.773    0.3005   0.03821   0.04443         0
    55/299     4.51G   0.04617   0.04573         0   0.09189       413       640     0.636     0.801    0.7732    0.3006   0.03698   0.04454         0
    56/299     4.51G   0.04546   0.04643         0   0.09188       407       640    0.6477    0.8127     0.787    0.3117   0.03728   0.04438         0
    57/299     4.51G   0.04503   0.04666         0   0.09169       214       640    0.7003    0.8004    0.7786    0.3159   0.03672   0.04395         0
    58/299     4.51G   0.04441   0.04701         0   0.09143       273       640    0.6752    0.8142    0.7905    0.3285   0.03623   0.04356         0
    59/299     4.51G   0.04416   0.04502         0   0.08918       227       640    0.6456    0.8064    0.7819    0.3033   0.03741   0.04434         0
    60/299     4.51G   0.04452   0.04556         0   0.09008       310       640    0.6588    0.8111    0.7891    0.3245   0.03598   0.04371         0
    61/299     4.51G   0.04376   0.04454         0    0.0883       230       640    0.7078    0.8189    0.8066    0.3363    0.0353   0.04332         0
    62/299     4.51G   0.04319   0.04555         0   0.08874       229       640     0.694    0.8159    0.7995    0.3439   0.03527   0.04304         0
    63/299     4.51G   0.04447   0.04491         0   0.08937       266       640    0.6798      0.82    0.8007     0.329   0.03586   0.04352         0
    64/299     4.51G   0.04347   0.04521         0   0.08867       258       640     0.668    0.8197    0.8024    0.3422    0.0358   0.04308         0
    65/299     4.51G   0.04406   0.04594         0      0.09       289       640    0.6308      0.83    0.8093    0.3375   0.03567   0.04321         0
    66/299     4.51G    0.0428   0.04503         0   0.08783       266       640    0.6873    0.8269    0.8115    0.3511   0.03447    0.0425         0
    67/299     4.51G   0.04188    0.0441         0   0.08598       188       640     0.701    0.8234    0.8105     0.356   0.03495   0.04254         0
    68/299     4.51G     0.043   0.04445         0   0.08745       290       640    0.6539    0.8301    0.8107    0.3443     0.035   0.04292         0
    69/299     4.51G   0.04262   0.04482         0   0.08744       169       640    0.7217    0.8285    0.8177    0.3528   0.03488   0.04228         0
    70/299     4.51G    0.0434   0.04432         0   0.08772       209       640    0.6996    0.8286    0.8143     0.358   0.03438   0.04234         0
    71/299     4.51G   0.04261   0.04577         0   0.08837       351       640    0.7044    0.8309    0.8185    0.3575   0.03409   0.04236         0
    72/299     4.51G   0.04203    0.0444         0   0.08643       282       640    0.6956    0.8365    0.8211    0.3555   0.03388   0.04193         0
    73/299     4.51G   0.04178   0.04398         0   0.08576       227       640    0.7323    0.8358    0.8291    0.3577    0.0352   0.04212         0
    74/299     4.51G   0.04169   0.04435         0   0.08604       448       640    0.7048    0.8385    0.8255    0.3818   0.03293   0.04144         0
    75/299     4.51G   0.04185   0.04555         0    0.0874       329       640    0.6792    0.8377    0.8251    0.3538   0.03405     0.042         0
    76/299     4.51G   0.04185    0.0439         0   0.08575       239       640     0.728     0.838    0.8308    0.3842   0.03282   0.04105         0
    77/299     4.51G   0.04082   0.04379         0   0.08462       283       640    0.7099    0.8419    0.8291    0.3882   0.03281   0.04118         0
    78/299     4.51G   0.04043    0.0434         0   0.08383       340       640    0.7002    0.8429    0.8336    0.3593   0.03402   0.04189         0
    79/299     4.51G   0.04045    0.0429         0   0.08336       250       640    0.7317    0.8472    0.8406    0.3824   0.03275   0.04114         0
    80/299     4.51G   0.04043   0.04299         0   0.08341       188       640    0.7246     0.845    0.8417    0.3975   0.03254   0.04078         0
    81/299     4.51G   0.04069    0.0438         0    0.0845       306       640     0.705    0.8539    0.8453    0.4002    0.0319   0.04065         0
    82/299     4.51G    0.0399   0.04354         0   0.08344       295       640    0.7441    0.8472    0.8444    0.4053   0.03183   0.04039         0
    83/299     4.51G   0.03939   0.04284         0   0.08223       332       640    0.7216     0.855    0.8519    0.4095   0.03147   0.04014         0
    84/299     4.51G   0.03989   0.04307         0   0.08296       276       640    0.7153    0.8575    0.8513    0.4044   0.03204   0.04038         0
    85/299     4.51G   0.04038    0.0423         0   0.08268       289       640    0.7224    0.8547    0.8495    0.4075   0.03171   0.04028         0
    86/299     4.51G   0.03974   0.04238         0   0.08212       227       640    0.7456    0.8517     0.848    0.4136   0.03178    0.0401         0
    87/299     4.51G   0.03994   0.04276         0    0.0827       401       640    0.7432    0.8609    0.8578    0.4148   0.03199   0.03995         0
    88/299     4.51G   0.03935    0.0425         0   0.08185       246       640    0.7092    0.8632    0.8565    0.4103   0.03174   0.04017         0
    89/299     4.51G   0.03997   0.04268         0   0.08265       223       640    0.7294    0.8636    0.8608    0.4234   0.03105   0.03939         0
    90/299     4.51G     0.039   0.04294         0   0.08194       189       640     0.711    0.8578     0.852    0.4153   0.03149   0.03978         0
    91/299     4.51G   0.03945     0.042         0   0.08145       258       640    0.7328    0.8615    0.8552    0.4226   0.03127   0.03948         0
    92/299     4.51G   0.03867   0.04192         0   0.08059       214       640    0.7236    0.8672    0.8648    0.4319   0.03149   0.03905         0
    93/299     4.51G   0.03879   0.04166         0   0.08046       266       640    0.7344    0.8597    0.8559    0.4253    0.0311   0.03936         0
    94/299     4.51G   0.03847   0.04291         0   0.08138       284       640    0.7252     0.866    0.8632    0.4265   0.03146   0.03928         0
    95/299     4.51G   0.03859   0.04145         0   0.08005       230       640    0.7419    0.8693    0.8679    0.4343   0.03102   0.03902         0
    96/299     4.51G   0.03866   0.04236         0   0.08102       419       640    0.7311    0.8691    0.8678    0.4415   0.02978   0.03883         0
    97/299     4.51G   0.03859   0.04244         0   0.08103       254       640    0.7345    0.8663    0.8641      0.41   0.03197   0.03979         0
    98/299     4.51G   0.03805   0.04188         0   0.07993       305       640    0.7068    0.8646    0.8631    0.3883   0.03299   0.04039         0
    99/299     4.51G   0.03862   0.04251         0   0.08113       422       640    0.7456    0.8667    0.8698    0.4388   0.03091   0.03864         0
   100/299     4.51G   0.03743   0.04135         0   0.07879       251       640    0.7371    0.8751    0.8721    0.4489   0.03007   0.03842         0
   101/299     4.51G   0.03796   0.04105         0   0.07902       241       640    0.7431    0.8706    0.8726    0.4353    0.0308   0.03878         0
   102/299     4.51G    0.0371   0.04106         0   0.07816       226       640    0.7416    0.8713    0.8701    0.4483   0.02955    0.0382         0
   103/299     4.51G   0.03783   0.04159         0   0.07942       203       640    0.7373    0.8734    0.8715    0.4433   0.02989   0.03856         0
   104/299     4.51G   0.03719   0.04015         0   0.07734       242       640    0.7578    0.8767     0.878    0.4599   0.02953   0.03788         0
   105/299     4.51G   0.03711   0.04112         0   0.07823       261       640    0.7558    0.8792    0.8809     0.462   0.02929   0.03788         0
   106/299     4.51G   0.03768   0.04075         0   0.07843       238       640    0.7419     0.881     0.879    0.4568   0.02999   0.03809         0
   107/299     4.51G   0.03698   0.04229         0   0.07927       354       640    0.7603     0.887    0.8884    0.4666   0.02906   0.03772         0
   108/299     4.51G   0.03691   0.04144         0   0.07835       343       640    0.7235    0.8855    0.8802    0.4642   0.02939   0.03783         0
   109/299     4.51G   0.03709   0.04012         0   0.07722       296       640    0.7664    0.8835    0.8835    0.4692   0.02919   0.03751         0
   110/299     4.51G   0.03684   0.04141         0   0.07825       324       640    0.7532    0.8819    0.8818    0.4657   0.02952   0.03755         0
   111/299     4.51G   0.03612    0.0404         0   0.07652       281       640    0.7452    0.8811    0.8803     0.459   0.03004   0.03779         0
   112/299     4.51G   0.03631   0.04056         0   0.07686       266       640    0.7544     0.887    0.8879    0.4719   0.02886    0.0372         0
   113/299     4.51G   0.03629   0.04053         0   0.07682       298       640    0.7581    0.8913     0.891    0.4824   0.02786   0.03708         0
   114/299     4.51G   0.03649   0.04018         0   0.07667       357       640    0.7541    0.8849    0.8863    0.4721   0.02934   0.03734         0
   115/299     4.51G   0.03673   0.04104         0   0.07777       317       640    0.7591    0.8871    0.8886     0.476   0.02857    0.0372         0
   116/299     4.51G    0.0365    0.0409         0    0.0774       337       640    0.7499    0.8871    0.8851    0.4777   0.02857   0.03722         0
   117/299     4.51G   0.03564   0.04012         0   0.07576       287       640    0.7523    0.8884    0.8874    0.4832   0.02769   0.03689         0
   118/299     4.51G   0.03568    0.0399         0   0.07558       309       640    0.7628     0.888    0.8868    0.4842   0.02762   0.03675         0
   119/299     4.51G   0.03522   0.04016         0   0.07538       292       640     0.768    0.8896    0.8901    0.4855   0.02766   0.03683         0
   120/299     4.51G   0.03494   0.04079         0   0.07572       375       640    0.7809     0.889    0.8891     0.489   0.02787   0.03678         0
   121/299     4.51G   0.03606   0.04059         0   0.07665       308       640    0.7557    0.8908    0.8904    0.4875   0.02786   0.03665         0
   122/299     4.51G   0.03583   0.04048         0   0.07631       294       640    0.7677    0.8908    0.8908    0.4902   0.02789   0.03652         0
   123/299     4.51G    0.0351   0.04001         0   0.07511       236       640    0.7731    0.8939    0.8931    0.4973   0.02746   0.03628         0
   124/299     4.51G   0.03481   0.03939         0    0.0742       287       640    0.7703     0.885    0.8831    0.4868   0.02789   0.03681         0
   125/299     4.51G   0.03458   0.03918         0   0.07376       226       640    0.7739    0.8878    0.8921    0.5024   0.02718   0.03621         0
   126/299     4.51G   0.03448   0.04005         0   0.07454       195       640    0.7734    0.8935    0.8942    0.5016   0.02713   0.03611         0
   127/299     4.51G    0.0346   0.03972         0   0.07432       332       640     0.778    0.8948    0.8933    0.4997   0.02702   0.03623         0
   128/299     4.51G   0.03485   0.04034         0   0.07519       278       640    0.7827    0.8944    0.8953    0.5008   0.02683   0.03607         0
   129/299     4.51G   0.03431   0.03918         0   0.07349       301       640    0.7835    0.8959    0.8968    0.5075   0.02681   0.03582         0
   130/299     4.51G   0.03428    0.0405         0   0.07478       254       640    0.7779    0.8953    0.8973    0.5086   0.02688   0.03565         0
   131/299     4.51G   0.03433   0.03948         0   0.07381       294       640    0.7778    0.8939    0.8955    0.5089   0.02701   0.03565         0
   132/299     4.51G   0.03446   0.03998         0   0.07444       319       640     0.781    0.8972    0.8988    0.5141   0.02665   0.03547         0
   133/299     4.51G   0.03411   0.03847         0   0.07258       391       640    0.7781    0.8971    0.8985    0.5083   0.02654   0.03565         0
   134/299     4.51G   0.03407   0.03899         0   0.07306       288       640    0.7866     0.895    0.8972    0.5174   0.02631   0.03541         0
   135/299     4.51G   0.03446   0.03925         0   0.07371       390       640    0.7845    0.9011    0.8996    0.5145   0.02661   0.03544         0
   136/299     4.51G    0.0351   0.04011         0   0.07521       337       640    0.7737    0.8957    0.8973    0.5028   0.02717   0.03605         0
   137/299     4.51G   0.03406   0.03951         0   0.07356       283       640    0.7862    0.9012    0.9021    0.5198    0.0262    0.0353         0
   138/299     4.51G   0.03368   0.03822         0    0.0719       399       640    0.7946     0.897    0.8992    0.5168   0.02619   0.03544         0
   139/299     4.51G   0.03393   0.03882         0   0.07274       286       640     0.792    0.8942    0.8998    0.5209   0.02637   0.03532         0
   140/299     4.51G   0.03364   0.03902         0   0.07266       327       640    0.7919    0.8983    0.9008    0.5211   0.02586   0.03516         0
   141/299     4.51G   0.03349   0.03898         0   0.07247       307       640    0.7898    0.8986    0.9016    0.5193    0.0263   0.03541         0
   142/299     4.51G   0.03301   0.03824         0   0.07125       415       640    0.7955    0.9006    0.9043    0.5283   0.02555   0.03488         0
   143/299     4.51G    0.0324   0.03794         0   0.07035       188       640    0.7773    0.9024    0.9016    0.5229   0.02557   0.03495         0
   144/299     4.51G   0.03256   0.03809         0   0.07065       152       640    0.7844    0.8987    0.9014     0.517   0.02611   0.03519         0
   145/299     4.51G   0.03279   0.03807         0   0.07085       218       640    0.7893    0.9003    0.9034    0.5307   0.02569   0.03489         0
   146/299     4.51G   0.03253   0.03785         0   0.07038       456       640    0.7713     0.896    0.8991    0.5272   0.02545   0.03489         0
   147/299     4.51G   0.03259     0.039         0    0.0716       381       640    0.7949    0.8972    0.9019    0.5317   0.02557   0.03465         0
   148/299     4.51G   0.03237   0.03801         0   0.07038       272       640    0.7972    0.8983     0.901    0.5353   0.02513   0.03455         0
   149/299     4.51G   0.03273   0.03781         0   0.07053       294       640    0.7821    0.8919     0.896    0.5306   0.02581   0.03481         0
   150/299     4.51G   0.03217    0.0376         0   0.06976       390       640    0.7938    0.8948    0.8972    0.5271   0.02557   0.03471         0
   151/299     4.51G   0.03275   0.03802         0   0.07077       344       640    0.7913    0.9015    0.9025    0.5406   0.02531   0.03429         0
   152/299     4.51G   0.03186   0.03811         0   0.06997       327       640    0.8006    0.9032    0.9061     0.541   0.02455    0.0342         0
   153/299     4.51G    0.0327   0.03841         0   0.07111       308       640    0.8052    0.9053    0.9076    0.5443    0.0247   0.03424         0
   154/299     4.51G   0.03254   0.03796         0    0.0705       259       640    0.8011    0.9073    0.9075    0.5415   0.02464   0.03421         0
   155/299     4.51G   0.03175   0.03828         0   0.07003       247       640    0.8008     0.903    0.9046    0.5452   0.02469   0.03406         0
   156/299     4.51G   0.03213   0.03733         0   0.06946       298       640    0.7902    0.9033    0.9059    0.5452   0.02441   0.03403         0
   157/299     4.51G   0.03239   0.03704         0   0.06942       263       640    0.7955    0.9073    0.9089    0.5411   0.02495   0.03407         0
   158/299     4.51G   0.03215   0.03789         0   0.07004       345       640    0.7991    0.9048    0.9065    0.5457   0.02465   0.03399         0
   159/299     4.51G   0.03115   0.03791         0   0.06906       487       640    0.8071    0.9039    0.9098    0.5502   0.02455   0.03373         0
   160/299     4.51G   0.03149   0.03699         0   0.06848       218       640    0.7971    0.9042    0.9082    0.5532   0.02445   0.03361         0
   161/299     4.51G   0.03187   0.03673         0    0.0686       380       640    0.8056    0.9012     0.907    0.5531   0.02475   0.03373         0
   162/299     4.51G   0.03153   0.03777         0   0.06931       227       640    0.8155    0.9036    0.9082    0.5543   0.02434   0.03377         0
   163/299     4.51G   0.03155   0.03679         0   0.06834       310       640    0.7994    0.9027    0.9089    0.5582   0.02484   0.03371         0
   164/299     4.51G    0.0311   0.03774         0   0.06884       568       640      0.81    0.9067    0.9121    0.5588   0.02409   0.03341         0
   165/299     4.51G   0.03135   0.03702         0   0.06837       209       640    0.8153    0.9109    0.9134    0.5588   0.02414   0.03337         0
   166/299     4.51G   0.03134   0.03765         0   0.06899       411       640    0.8166    0.9136    0.9155    0.5605   0.02379   0.03336         0
   167/299     4.51G    0.0311   0.03635         0   0.06745       279       640    0.8139    0.9127    0.9148    0.5563    0.0241   0.03342         0
   168/299     4.51G   0.03152   0.03667         0   0.06819       305       640    0.8148    0.9079    0.9134    0.5607     0.024   0.03328         0
   169/299     4.51G   0.03147   0.03777         0   0.06923       246       640    0.8146    0.9093    0.9114    0.5602   0.02384    0.0334         0
   170/299     4.51G   0.03108   0.03658         0   0.06765       289       640    0.8242    0.9131    0.9149     0.565   0.02368    0.0332         0
   171/299     4.51G   0.03012   0.03669         0   0.06681       287       640    0.8213    0.9113    0.9158    0.5639   0.02385   0.03318         0
   172/299     4.51G    0.0301   0.03612         0   0.06622       279       640    0.8148    0.9134    0.9181    0.5694   0.02344   0.03304         0
   173/299     4.51G   0.03007   0.03628         0   0.06635       305       640    0.8124     0.913    0.9165    0.5671   0.02362   0.03317         0
   174/299     4.51G   0.03159   0.03742         0   0.06901       218       640    0.8251    0.9113    0.9158    0.5693   0.02356   0.03308         0
   175/299     4.51G   0.03016   0.03681         0   0.06697       289       640    0.8158     0.913    0.9167    0.5701   0.02341   0.03298         0
   176/299     4.51G   0.03004   0.03618         0   0.06622       334       640    0.8164    0.9085    0.9136    0.5704   0.02342   0.03289         0
   177/299     4.51G   0.03041    0.0366         0   0.06701       221       640    0.8211    0.9115    0.9158    0.5702    0.0234   0.03285         0
   178/299     4.51G   0.03035   0.03678         0   0.06712       307       640    0.8243    0.9094    0.9139    0.5728   0.02347   0.03274         0
   179/299     4.51G   0.02969   0.03552         0   0.06521       309       640    0.8292    0.9111    0.9154    0.5733   0.02328    0.0327         0
   180/299     4.51G   0.03024   0.03665         0   0.06689       190       640    0.8183    0.9122    0.9154    0.5761   0.02291   0.03262         0
   181/299     4.51G   0.03015   0.03577         0   0.06593       269       640    0.8119    0.9097    0.9149    0.5738    0.0232   0.03279         0
   182/299     4.51G   0.02983   0.03568         0   0.06552       262       640    0.8308    0.9131     0.919      0.58   0.02326   0.03261         0
   183/299     4.51G   0.03022   0.03671         0   0.06693       275       640    0.8309    0.9164    0.9211    0.5811   0.02307   0.03254         0
   184/299     4.51G   0.02941   0.03577         0   0.06518       220       640     0.822    0.9139    0.9192    0.5772     0.023   0.03256         0
   185/299     4.51G   0.02974   0.03594         0   0.06568       234       640    0.8218    0.9121    0.9178    0.5713   0.02337   0.03276         0
   186/299     4.51G   0.03057   0.03671         0   0.06728       275       640    0.8228    0.9131    0.9191    0.5794   0.02285    0.0325         0
   187/299     4.51G   0.02966   0.03624         0   0.06591       443       640    0.8214    0.9137    0.9183    0.5802   0.02282   0.03253         0
   188/299     4.51G   0.02964   0.03608         0   0.06573       424       640    0.8221    0.9125    0.9172    0.5808   0.02283   0.03251         0
   189/299     4.51G   0.02962   0.03629         0   0.06591       316       640    0.8211    0.9102    0.9149    0.5819   0.02302   0.03253         0
   190/299     4.51G   0.02971   0.03608         0   0.06579       219       640    0.8208    0.9131    0.9193    0.5834   0.02277    0.0324         0
   191/299     4.51G   0.02982    0.0355         0   0.06532       315       640    0.8272    0.9154    0.9206    0.5833   0.02291   0.03238         0
   192/299     4.51G   0.02892   0.03528         0   0.06421       131       640    0.8188     0.914    0.9179     0.584   0.02296   0.03237         0
   193/299     4.51G   0.02903   0.03538         0   0.06441       255       640     0.819    0.9128    0.9192    0.5851   0.02303   0.03236         0
   194/299     4.51G   0.02932   0.03627         0   0.06559       290       640    0.8252    0.9152    0.9201    0.5872   0.02279   0.03223         0
   195/299     4.51G   0.02897   0.03507         0   0.06404       315       640    0.8339    0.9165    0.9217     0.591   0.02252     0.032         0
   196/299     4.51G   0.02945   0.03595         0    0.0654       262       640    0.8301    0.9137    0.9206     0.592   0.02265   0.03205         0
   197/299     4.51G   0.02848   0.03534         0   0.06382       292       640    0.8267    0.9127    0.9193    0.5907   0.02276   0.03213         0
   198/299     4.51G   0.02881   0.03502         0   0.06383       243       640    0.8301    0.9151    0.9208    0.5921   0.02271   0.03194         0
   199/299     4.51G    0.0284   0.03551         0   0.06391       359       640    0.8326    0.9154    0.9219    0.5933   0.02244   0.03189         0
   200/299     4.51G   0.02835   0.03531         0   0.06366       359       640      0.83    0.9157    0.9216    0.5961   0.02223   0.03177         0
   201/299     4.51G   0.02837   0.03548         0   0.06385       259       640    0.8338     0.917    0.9218    0.5981   0.02219   0.03171         0
   202/299     4.51G   0.02835   0.03493         0   0.06328       239       640    0.8299    0.9169    0.9225    0.6004   0.02196    0.0316         0
   203/299     4.51G    0.0288   0.03601         0   0.06481       231       640    0.8346    0.9163     0.922    0.5999   0.02205   0.03158         0
   204/299     4.51G   0.02831   0.03504         0   0.06335       378       640    0.8339    0.9179    0.9231    0.5966   0.02199   0.03172         0
   205/299     4.51G   0.02804   0.03461         0   0.06264       273       640    0.8378     0.918    0.9234    0.5985   0.02202   0.03164         0
   206/299     4.51G   0.02806   0.03486         0   0.06292       310       640    0.8368     0.918    0.9236    0.6017    0.0218   0.03155         0
   207/299     4.51G   0.02774   0.03509         0   0.06282       210       640     0.843    0.9174    0.9243    0.6029   0.02189   0.03154         0
   208/299     4.51G   0.02804   0.03462         0   0.06267       238       640     0.842    0.9186    0.9247    0.6039   0.02168   0.03144         0
   209/299     4.51G   0.02827   0.03573         0     0.064       342       640    0.8399    0.9188    0.9254    0.6057    0.0217   0.03149         0
   210/299     4.51G   0.02828   0.03512         0   0.06341       345       640    0.8404    0.9194    0.9247    0.6054   0.02169    0.0315         0
   211/299     4.51G   0.02791   0.03524         0   0.06315       324       640     0.843    0.9198    0.9255    0.6076    0.0216   0.03129         0
   212/299     4.51G   0.02785   0.03477         0   0.06261       217       640    0.8403    0.9201    0.9258    0.6062    0.0217   0.03129         0
   213/299     4.51G   0.02787   0.03426         0   0.06213       192       640    0.8398    0.9174    0.9235    0.6085   0.02174   0.03132         0
   214/299     4.51G   0.02784   0.03464         0   0.06248       264       640    0.8395    0.9157    0.9221    0.6094   0.02163   0.03129         0
   215/299     4.51G   0.02763   0.03469         0   0.06232       238       640    0.8402    0.9182    0.9242    0.6108   0.02143   0.03126         0
   216/299     4.51G   0.02794   0.03507         0   0.06301       391       640    0.8403    0.9179    0.9245    0.6085   0.02146   0.03134         0
   217/299     4.51G   0.02778    0.0342         0   0.06198       352       640    0.8434    0.9198    0.9265    0.6096   0.02139   0.03131         0
   218/299     4.51G   0.02794   0.03421         0   0.06215       332       640     0.844    0.9188    0.9248    0.6098   0.02148   0.03127         0
   219/299     4.51G   0.02806   0.03543         0   0.06349       267       640    0.8425    0.9176     0.923    0.6092    0.0214   0.03122         0
   220/299     4.51G   0.02788   0.03462         0    0.0625       292       640     0.838    0.9176    0.9228    0.6064   0.02153   0.03131         0
   221/299     4.51G   0.02781   0.03519         0     0.063       285       640    0.8419    0.9182    0.9244    0.6108   0.02146   0.03117         0
   222/299     4.51G   0.02765   0.03483         0   0.06248       367       640     0.847    0.9194    0.9259    0.6103   0.02141   0.03113         0
   223/299     4.51G    0.0275   0.03434         0   0.06184       377       640    0.8515    0.9207    0.9275    0.6145   0.02114   0.03094         0
   224/299     4.51G   0.02782   0.03505         0   0.06287       233       640     0.849    0.9198     0.927    0.6116    0.0212   0.03107         0
   225/299     4.51G   0.02744   0.03463         0   0.06207       398       640    0.8513    0.9204    0.9274    0.6154   0.02106   0.03096         0
   226/299     4.51G   0.02699   0.03384         0   0.06083       274       640     0.848    0.9209    0.9278    0.6147   0.02112   0.03093         0
   227/299     4.51G   0.02742   0.03482         0   0.06224       366       640    0.8427      0.92    0.9271     0.617   0.02114   0.03089         0
   228/299     4.51G   0.02642    0.0336         0   0.06002       262       640    0.8445    0.9203    0.9276    0.6161   0.02109   0.03087         0
   229/299     4.51G    0.0267   0.03363         0   0.06033       343       640    0.8453    0.9203    0.9277    0.6176   0.02094   0.03071         0
   230/299     4.51G   0.02707   0.03428         0   0.06134       314       640    0.8471    0.9198    0.9276    0.6181   0.02091   0.03069         0
   231/299     4.51G   0.02677   0.03425         0   0.06102       224       640    0.8457    0.9196    0.9275    0.6184   0.02097    0.0307         0
   232/299     4.51G   0.02685   0.03387         0   0.06072       369       640     0.841    0.9197    0.9264    0.6199   0.02095   0.03071         0
   233/299     4.51G   0.02661   0.03364         0   0.06025       272       640    0.8429    0.9189    0.9249    0.6201     0.021   0.03069         0
   234/299     4.51G   0.02663   0.03365         0   0.06029       269       640    0.8437    0.9189    0.9252    0.6166   0.02106   0.03078         0
   235/299     4.51G   0.02603   0.03279         0   0.05882       260       640    0.8463    0.9192    0.9257    0.6202   0.02088   0.03063         0
   236/299     4.51G   0.02692   0.03367         0   0.06058       257       640    0.8442      0.92     0.926    0.6193   0.02085   0.03064         0
   237/299     4.51G   0.02649   0.03406         0   0.06055       216       640    0.8424    0.9222    0.9283    0.6205   0.02077   0.03059         0
   238/299     4.51G   0.02684   0.03406         0    0.0609       348       640    0.8449    0.9209     0.928    0.6209   0.02075   0.03055         0
   239/299     4.51G   0.02696   0.03461         0   0.06157       228       640    0.8442    0.9216    0.9285    0.6222   0.02067   0.03053         0
   240/299     4.51G   0.02602   0.03297         0   0.05898       235       640    0.8496    0.9221    0.9289    0.6235   0.02076   0.03048         0
   241/299     4.51G   0.02639   0.03433         0   0.06072       205       640    0.8463    0.9215    0.9283    0.6237   0.02069   0.03041         0
   242/299     4.51G   0.02649   0.03355         0   0.06004       243       640    0.8479    0.9234    0.9295    0.6253   0.02075   0.03042         0
   243/299     4.51G   0.02701   0.03421         0   0.06122       290       640     0.845    0.9237    0.9298    0.6243    0.0207    0.0304         0
   244/299     4.51G   0.02623   0.03326         0    0.0595       251       640    0.8491    0.9231    0.9301    0.6246   0.02073   0.03046         0
   245/299     4.51G     0.026   0.03402         0   0.06002       320       640    0.8499     0.921    0.9284    0.6265   0.02071    0.0304         0
   246/299     4.51G   0.02659    0.0342         0   0.06079       245       640    0.8488    0.9206    0.9282    0.6267   0.02062   0.03041         0
   247/299     4.51G   0.02554   0.03292         0   0.05846       433       640    0.8516    0.9216    0.9284    0.6266   0.02062   0.03035         0
   248/299     4.51G   0.02668   0.03364         0   0.06031       269       640    0.8485     0.921    0.9287    0.6267   0.02065   0.03037         0
   249/299     4.51G   0.02612   0.03348         0   0.05959       250       640    0.8464    0.9212     0.928    0.6281   0.02067   0.03035         0
   250/299     4.51G   0.02677   0.03408         0   0.06085       295       640    0.8473    0.9222      0.93    0.6305   0.02059   0.03026         0
   251/299     4.51G   0.02598   0.03304         0   0.05902       378       640    0.8505    0.9197     0.929    0.6302   0.02056   0.03028         0
   252/299     4.51G   0.02592   0.03411         0   0.06003       522       640    0.8491    0.9207    0.9292    0.6302   0.02052   0.03021         0
   253/299     4.51G   0.02659   0.03378         0   0.06037       362       640    0.8487    0.9188    0.9277    0.6295   0.02055   0.03024         0
   254/299     4.51G   0.02556   0.03408         0   0.05964       344       640    0.8531      0.92    0.9291    0.6316    0.0204   0.03021         0
   255/299     4.51G   0.02618    0.0333         0   0.05949       266       640    0.8548    0.9201    0.9289    0.6329   0.02036    0.0302         0
   256/299     4.51G   0.02557   0.03228         0   0.05785       298       640    0.8535    0.9204    0.9281    0.6328   0.02041    0.0302         0
   257/299     4.51G   0.02619   0.03317         0   0.05936       206       640    0.8576    0.9222    0.9305    0.6326   0.02046   0.03019         0
   258/299     4.51G   0.02579   0.03276         0   0.05856       272       640    0.8583    0.9228    0.9308    0.6312   0.02053   0.03019         0
   259/299     4.51G   0.02549   0.03271         0    0.0582       215       640    0.8563    0.9209    0.9298    0.6326   0.02048   0.03012         0
   260/299     4.51G   0.02538   0.03285         0   0.05823       282       640    0.8561    0.9219    0.9306    0.6339    0.0204    0.0301         0
   261/299     4.51G   0.02565   0.03326         0   0.05891       366       640    0.8637     0.924    0.9336     0.636   0.02021   0.02998         0
   262/299     4.51G   0.02539   0.03276         0   0.05815       300       640    0.8636     0.924    0.9332    0.6356    0.0202   0.03002         0
   263/299     4.51G   0.02578   0.03258         0   0.05836       220       640    0.8595    0.9237    0.9321    0.6352    0.0202   0.03003         0
   264/299     4.51G   0.02567   0.03285         0   0.05852       279       640    0.8587     0.923    0.9313    0.6346   0.02025   0.03006         0
   265/299     4.51G    0.0259   0.03308         0   0.05897       352       640    0.8586    0.9227    0.9304    0.6349   0.02019   0.03005         0
   266/299     4.51G   0.02538   0.03207         0   0.05745       227       640    0.8577     0.923    0.9314    0.6357   0.02024   0.03007         0
   267/299     4.51G   0.02533    0.0333         0   0.05863       237       640    0.8569     0.923    0.9317    0.6357   0.02023   0.03005         0
   268/299     4.51G   0.02531   0.03277         0   0.05807       450       640     0.857    0.9227     0.931    0.6355   0.02029   0.03005         0
   269/299     4.51G   0.02542   0.03273         0   0.05815       206       640    0.8578    0.9222    0.9314    0.6362   0.02035   0.02999         0
   270/299     4.51G   0.02538   0.03302         0    0.0584       325       640    0.8604    0.9241    0.9323    0.6367   0.02027   0.02991         0
   271/299     4.51G   0.02553    0.0334         0   0.05892       332       640    0.8591    0.9238    0.9325    0.6382   0.02022   0.02987         0
   272/299     4.51G   0.02493   0.03272         0   0.05765       431       640    0.8607    0.9231    0.9317    0.6391   0.02013   0.02982         0
   273/299     4.51G   0.02539   0.03293         0   0.05832       327       640    0.8605     0.924    0.9331    0.6392   0.02006    0.0298         0
   274/299     4.51G   0.02505   0.03315         0    0.0582       233       640    0.8619    0.9236    0.9329    0.6398   0.02008    0.0298         0
   275/299     4.51G   0.02483   0.03259         0   0.05742       307       640    0.8633    0.9249    0.9339    0.6413   0.02007   0.02977         0
   276/299     4.51G   0.02556   0.03351         0   0.05907       331       640    0.8627    0.9245    0.9336    0.6424   0.02005   0.02971         0
   277/299     4.51G   0.02502   0.03213         0   0.05715       272       640    0.8616    0.9244    0.9333    0.6429   0.01998   0.02968         0
   278/299     4.51G   0.02476   0.03294         0    0.0577       339       640    0.8643    0.9262    0.9341    0.6436   0.01993   0.02963         0
   279/299     4.51G   0.02455    0.0322         0   0.05675       263       640    0.8629    0.9246    0.9334    0.6438   0.01988   0.02962         0
   280/299     4.51G   0.02525    0.0323         0   0.05754       320       640    0.8646    0.9256    0.9348    0.6451   0.01985    0.0296         0
   281/299     4.51G     0.025   0.03222         0   0.05722       166       640    0.8624    0.9241    0.9338    0.6452   0.01986   0.02963         0
   282/299     4.51G   0.02521   0.03311         0   0.05832       451       640    0.8636    0.9237    0.9337    0.6461   0.01983   0.02959         0
   283/299     4.51G   0.02507   0.03235         0   0.05742       287       640    0.8643    0.9238    0.9341    0.6456   0.01979   0.02958         0
   284/299     4.51G   0.02563   0.03332         0   0.05896       175       640    0.8637    0.9253    0.9351    0.6469   0.01972   0.02955         0
   285/299     4.51G   0.02554   0.03309         0   0.05863       311       640    0.8614    0.9249    0.9343    0.6459   0.01973   0.02959         0
   286/299     4.51G   0.02533   0.03318         0   0.05851       202       640    0.8619     0.925    0.9348     0.646   0.01978   0.02958         0
   287/299     4.51G   0.02557   0.03284         0   0.05841       389       640    0.8626    0.9249    0.9349    0.6461   0.01977   0.02957         0
   288/299     4.51G   0.02465    0.0329         0   0.05755       274       640    0.8628    0.9237    0.9347    0.6467   0.01978   0.02957         0
   289/299     4.51G   0.02488   0.03318         0   0.05805       353       640     0.864     0.924    0.9344    0.6465   0.01979   0.02958         0
   290/299     4.51G   0.02479   0.03278         0   0.05757       237       640    0.8637    0.9241    0.9343    0.6462   0.01975   0.02957         0
   291/299     4.51G   0.02489   0.03249         0   0.05738       373       640    0.8639     0.924    0.9345    0.6464   0.01968   0.02953         0
   292/299     4.51G   0.02439   0.03253         0   0.05692       354       640    0.8627    0.9238    0.9344    0.6472   0.01969    0.0295         0
   293/299     4.51G   0.02529    0.0326         0    0.0579       340       640    0.8634    0.9241    0.9351    0.6487   0.01969   0.02947         0
   294/299     4.51G   0.02441   0.03313         0   0.05753       381       640    0.8658    0.9237    0.9349    0.6502   0.01964   0.02944         0
   295/299     4.51G   0.02498   0.03249         0   0.05747       221       640    0.8641    0.9243    0.9346    0.6492   0.01963   0.02947         0
   296/299     4.51G    0.0247   0.03302         0   0.05772       293       640    0.8647    0.9244     0.935    0.6502   0.01956   0.02947         0
   297/299     4.51G   0.02412   0.03212         0   0.05624       224       640    0.8647    0.9241    0.9354    0.6506   0.01954   0.02944         0
   298/299     4.51G   0.02427   0.03191         0   0.05618       253       640    0.8646    0.9258    0.9356    0.6514   0.01957   0.02941         0
   299/299     4.51G   0.02426   0.03275         0   0.05701       298       640    0.8681    0.9271    0.9364    0.6521   0.01958   0.02937         0
